{
 "cells": [
  {
   "cell_type": "code",
   "execution_count": 2,
   "id": "d463cf27",
   "metadata": {},
   "outputs": [],
   "source": [
    "import pandas as pd\n",
    "import pandas_datareader as pdr\n",
    "from datetime import datetime\n",
    "import numpy as np"
   ]
  },
  {
   "cell_type": "code",
   "execution_count": 3,
   "id": "aaf24703",
   "metadata": {},
   "outputs": [
    {
     "name": "stdout",
     "output_type": "stream",
     "text": [
      "[*********************100%***********************]  1 of 1 completed\n",
      "[*********************100%***********************]  1 of 1 completed\n",
      "[*********************100%***********************]  1 of 1 completed\n",
      "[*********************100%***********************]  1 of 1 completed\n",
      "[*********************100%***********************]  1 of 1 completed\n",
      "[*********************100%***********************]  1 of 1 completed\n",
      "[*********************100%***********************]  1 of 1 completed\n",
      "[*********************100%***********************]  1 of 1 completed\n",
      "[*********************100%***********************]  1 of 1 completed\n",
      "[*********************100%***********************]  1 of 1 completed\n",
      "[*********************100%***********************]  1 of 1 completed\n",
      "[*********************100%***********************]  1 of 1 completed\n",
      "[*********************100%***********************]  1 of 1 completed\n",
      "[*********************100%***********************]  1 of 1 completed\n",
      "[*********************100%***********************]  1 of 1 completed\n",
      "[*********************100%***********************]  1 of 1 completed\n",
      "(672, 16)\n"
     ]
    },
    {
     "data": {
      "text/html": [
       "<div>\n",
       "<style scoped>\n",
       "    .dataframe tbody tr th:only-of-type {\n",
       "        vertical-align: middle;\n",
       "    }\n",
       "\n",
       "    .dataframe tbody tr th {\n",
       "        vertical-align: top;\n",
       "    }\n",
       "\n",
       "    .dataframe thead th {\n",
       "        text-align: right;\n",
       "    }\n",
       "</style>\n",
       "<table border=\"1\" class=\"dataframe\">\n",
       "  <thead>\n",
       "    <tr style=\"text-align: right;\">\n",
       "      <th></th>\n",
       "      <th>DPZ</th>\n",
       "      <th>AAPL</th>\n",
       "      <th>GOOG</th>\n",
       "      <th>AMD</th>\n",
       "      <th>GME</th>\n",
       "      <th>SPY</th>\n",
       "      <th>NFLX</th>\n",
       "      <th>BA</th>\n",
       "      <th>WMT</th>\n",
       "      <th>TWTR</th>\n",
       "      <th>GS</th>\n",
       "      <th>XOM</th>\n",
       "      <th>NKE</th>\n",
       "      <th>Meta</th>\n",
       "      <th>BRK-B</th>\n",
       "      <th>MSFT</th>\n",
       "    </tr>\n",
       "    <tr>\n",
       "      <th>Date</th>\n",
       "      <th></th>\n",
       "      <th></th>\n",
       "      <th></th>\n",
       "      <th></th>\n",
       "      <th></th>\n",
       "      <th></th>\n",
       "      <th></th>\n",
       "      <th></th>\n",
       "      <th></th>\n",
       "      <th></th>\n",
       "      <th></th>\n",
       "      <th></th>\n",
       "      <th></th>\n",
       "      <th></th>\n",
       "      <th></th>\n",
       "      <th></th>\n",
       "    </tr>\n",
       "  </thead>\n",
       "  <tbody>\n",
       "    <tr>\n",
       "      <th>2022-12-14</th>\n",
       "      <td>366.739990</td>\n",
       "      <td>143.210007</td>\n",
       "      <td>95.309998</td>\n",
       "      <td>68.930000</td>\n",
       "      <td>21.049999</td>\n",
       "      <td>397.574341</td>\n",
       "      <td>317.829987</td>\n",
       "      <td>188.250000</td>\n",
       "      <td>146.669998</td>\n",
       "      <td>NaN</td>\n",
       "      <td>360.380005</td>\n",
       "      <td>106.459999</td>\n",
       "      <td>111.449997</td>\n",
       "      <td>121.589996</td>\n",
       "      <td>309.290009</td>\n",
       "      <td>257.220001</td>\n",
       "    </tr>\n",
       "    <tr>\n",
       "      <th>2022-12-15</th>\n",
       "      <td>356.989990</td>\n",
       "      <td>136.500000</td>\n",
       "      <td>91.199997</td>\n",
       "      <td>66.529999</td>\n",
       "      <td>20.580000</td>\n",
       "      <td>387.848999</td>\n",
       "      <td>290.410004</td>\n",
       "      <td>183.720001</td>\n",
       "      <td>145.360001</td>\n",
       "      <td>NaN</td>\n",
       "      <td>349.829987</td>\n",
       "      <td>105.440002</td>\n",
       "      <td>108.510002</td>\n",
       "      <td>116.150002</td>\n",
       "      <td>301.910004</td>\n",
       "      <td>249.009995</td>\n",
       "    </tr>\n",
       "    <tr>\n",
       "      <th>2022-12-16</th>\n",
       "      <td>357.230011</td>\n",
       "      <td>134.509995</td>\n",
       "      <td>90.860001</td>\n",
       "      <td>65.410004</td>\n",
       "      <td>20.799999</td>\n",
       "      <td>383.269989</td>\n",
       "      <td>290.709991</td>\n",
       "      <td>184.699997</td>\n",
       "      <td>142.750000</td>\n",
       "      <td>NaN</td>\n",
       "      <td>346.350006</td>\n",
       "      <td>104.699997</td>\n",
       "      <td>105.949997</td>\n",
       "      <td>119.430000</td>\n",
       "      <td>300.000000</td>\n",
       "      <td>244.690002</td>\n",
       "    </tr>\n",
       "    <tr>\n",
       "      <th>2022-12-19</th>\n",
       "      <td>356.329987</td>\n",
       "      <td>132.369995</td>\n",
       "      <td>89.150002</td>\n",
       "      <td>64.589996</td>\n",
       "      <td>19.920000</td>\n",
       "      <td>380.019989</td>\n",
       "      <td>288.299988</td>\n",
       "      <td>185.679993</td>\n",
       "      <td>142.800003</td>\n",
       "      <td>NaN</td>\n",
       "      <td>344.609985</td>\n",
       "      <td>105.169998</td>\n",
       "      <td>103.050003</td>\n",
       "      <td>114.480003</td>\n",
       "      <td>300.029999</td>\n",
       "      <td>240.449997</td>\n",
       "    </tr>\n",
       "    <tr>\n",
       "      <th>2022-12-20</th>\n",
       "      <td>353.730011</td>\n",
       "      <td>132.300003</td>\n",
       "      <td>89.629997</td>\n",
       "      <td>65.050003</td>\n",
       "      <td>20.260000</td>\n",
       "      <td>380.540009</td>\n",
       "      <td>288.190002</td>\n",
       "      <td>188.289993</td>\n",
       "      <td>144.050003</td>\n",
       "      <td>NaN</td>\n",
       "      <td>344.489990</td>\n",
       "      <td>106.690002</td>\n",
       "      <td>103.209999</td>\n",
       "      <td>117.089996</td>\n",
       "      <td>302.000000</td>\n",
       "      <td>241.800003</td>\n",
       "    </tr>\n",
       "  </tbody>\n",
       "</table>\n",
       "</div>"
      ],
      "text/plain": [
       "                   DPZ        AAPL       GOOG        AMD        GME  \\\n",
       "Date                                                                  \n",
       "2022-12-14  366.739990  143.210007  95.309998  68.930000  21.049999   \n",
       "2022-12-15  356.989990  136.500000  91.199997  66.529999  20.580000   \n",
       "2022-12-16  357.230011  134.509995  90.860001  65.410004  20.799999   \n",
       "2022-12-19  356.329987  132.369995  89.150002  64.589996  19.920000   \n",
       "2022-12-20  353.730011  132.300003  89.629997  65.050003  20.260000   \n",
       "\n",
       "                   SPY        NFLX          BA         WMT  TWTR          GS  \\\n",
       "Date                                                                           \n",
       "2022-12-14  397.574341  317.829987  188.250000  146.669998   NaN  360.380005   \n",
       "2022-12-15  387.848999  290.410004  183.720001  145.360001   NaN  349.829987   \n",
       "2022-12-16  383.269989  290.709991  184.699997  142.750000   NaN  346.350006   \n",
       "2022-12-19  380.019989  288.299988  185.679993  142.800003   NaN  344.609985   \n",
       "2022-12-20  380.540009  288.190002  188.289993  144.050003   NaN  344.489990   \n",
       "\n",
       "                   XOM         NKE        Meta       BRK-B        MSFT  \n",
       "Date                                                                    \n",
       "2022-12-14  106.459999  111.449997  121.589996  309.290009  257.220001  \n",
       "2022-12-15  105.440002  108.510002  116.150002  301.910004  249.009995  \n",
       "2022-12-16  104.699997  105.949997  119.430000  300.000000  244.690002  \n",
       "2022-12-19  105.169998  103.050003  114.480003  300.029999  240.449997  \n",
       "2022-12-20  106.690002  103.209999  117.089996  302.000000  241.800003  "
      ]
     },
     "execution_count": 3,
     "metadata": {},
     "output_type": "execute_result"
    }
   ],
   "source": [
    "import pandas as pd\n",
    "import pandas_datareader as pdr\n",
    "from datetime import datetime\n",
    "import yfinance as yf\n",
    "\n",
    "def get_historical_Data(tickers):\n",
    "    \"\"\"This function returns a pd dataframe with all of the adjusted closing information\"\"\"\n",
    "    data = pd.DataFrame()\n",
    "    names = list()\n",
    "    for i in tickers:\n",
    "        data = pd.concat([data, pd.DataFrame(yf.download(i, start=datetime(2020, 4, 24), end=datetime(2022, 12, 21)).iloc[:,4])], axis = 1)\n",
    "        names.append(i)\n",
    "    data.columns = names\n",
    "    return data\n",
    "\n",
    "ticks = [\"DPZ\", \"AAPL\", \"GOOG\", \"AMD\", \"GME\", \"SPY\", \"NFLX\", \"BA\", \"WMT\",\"TWTR\",\"GS\",\"XOM\",\"NKE\", \"Meta\",\"BRK-B\", \"MSFT\"] #Name of company (Dominos pizza)\n",
    "d = get_historical_Data(ticks)\n",
    "print(d.shape)\n",
    "# Most Recent Data\n",
    "d.tail()"
   ]
  },
  {
   "cell_type": "code",
   "execution_count": 4,
   "id": "051130e4",
   "metadata": {},
   "outputs": [
    {
     "name": "stdout",
     "output_type": "stream",
     "text": [
      "[*********************100%***********************]  1 of 1 completed\n"
     ]
    },
    {
     "data": {
      "text/html": [
       "<div>\n",
       "<style scoped>\n",
       "    .dataframe tbody tr th:only-of-type {\n",
       "        vertical-align: middle;\n",
       "    }\n",
       "\n",
       "    .dataframe tbody tr th {\n",
       "        vertical-align: top;\n",
       "    }\n",
       "\n",
       "    .dataframe thead th {\n",
       "        text-align: right;\n",
       "    }\n",
       "</style>\n",
       "<table border=\"1\" class=\"dataframe\">\n",
       "  <thead>\n",
       "    <tr style=\"text-align: right;\">\n",
       "      <th></th>\n",
       "      <th>Open</th>\n",
       "      <th>High</th>\n",
       "      <th>Low</th>\n",
       "      <th>Close</th>\n",
       "      <th>Adj Close</th>\n",
       "      <th>Volume</th>\n",
       "    </tr>\n",
       "    <tr>\n",
       "      <th>Date</th>\n",
       "      <th></th>\n",
       "      <th></th>\n",
       "      <th></th>\n",
       "      <th></th>\n",
       "      <th></th>\n",
       "      <th></th>\n",
       "    </tr>\n",
       "  </thead>\n",
       "  <tbody>\n",
       "    <tr>\n",
       "      <th>2020-10-26</th>\n",
       "      <td>114.010002</td>\n",
       "      <td>116.550003</td>\n",
       "      <td>112.879997</td>\n",
       "      <td>115.050003</td>\n",
       "      <td>113.489471</td>\n",
       "      <td>111850700</td>\n",
       "    </tr>\n",
       "    <tr>\n",
       "      <th>2020-10-27</th>\n",
       "      <td>115.489998</td>\n",
       "      <td>117.279999</td>\n",
       "      <td>114.540001</td>\n",
       "      <td>116.599998</td>\n",
       "      <td>115.018463</td>\n",
       "      <td>92276800</td>\n",
       "    </tr>\n",
       "    <tr>\n",
       "      <th>2020-10-28</th>\n",
       "      <td>115.050003</td>\n",
       "      <td>115.430000</td>\n",
       "      <td>111.099998</td>\n",
       "      <td>111.199997</td>\n",
       "      <td>109.691704</td>\n",
       "      <td>143937800</td>\n",
       "    </tr>\n",
       "    <tr>\n",
       "      <th>2020-10-29</th>\n",
       "      <td>112.370003</td>\n",
       "      <td>116.930000</td>\n",
       "      <td>112.199997</td>\n",
       "      <td>115.320000</td>\n",
       "      <td>113.755829</td>\n",
       "      <td>146129200</td>\n",
       "    </tr>\n",
       "    <tr>\n",
       "      <th>2020-10-30</th>\n",
       "      <td>111.059998</td>\n",
       "      <td>111.989998</td>\n",
       "      <td>107.720001</td>\n",
       "      <td>108.860001</td>\n",
       "      <td>107.383446</td>\n",
       "      <td>190272600</td>\n",
       "    </tr>\n",
       "    <tr>\n",
       "      <th>...</th>\n",
       "      <td>...</td>\n",
       "      <td>...</td>\n",
       "      <td>...</td>\n",
       "      <td>...</td>\n",
       "      <td>...</td>\n",
       "      <td>...</td>\n",
       "    </tr>\n",
       "    <tr>\n",
       "      <th>2022-12-14</th>\n",
       "      <td>145.350006</td>\n",
       "      <td>146.660004</td>\n",
       "      <td>141.160004</td>\n",
       "      <td>143.210007</td>\n",
       "      <td>143.210007</td>\n",
       "      <td>82291200</td>\n",
       "    </tr>\n",
       "    <tr>\n",
       "      <th>2022-12-15</th>\n",
       "      <td>141.110001</td>\n",
       "      <td>141.800003</td>\n",
       "      <td>136.029999</td>\n",
       "      <td>136.500000</td>\n",
       "      <td>136.500000</td>\n",
       "      <td>98931900</td>\n",
       "    </tr>\n",
       "    <tr>\n",
       "      <th>2022-12-16</th>\n",
       "      <td>136.690002</td>\n",
       "      <td>137.649994</td>\n",
       "      <td>133.729996</td>\n",
       "      <td>134.509995</td>\n",
       "      <td>134.509995</td>\n",
       "      <td>160156900</td>\n",
       "    </tr>\n",
       "    <tr>\n",
       "      <th>2022-12-19</th>\n",
       "      <td>135.110001</td>\n",
       "      <td>135.199997</td>\n",
       "      <td>131.320007</td>\n",
       "      <td>132.369995</td>\n",
       "      <td>132.369995</td>\n",
       "      <td>79592600</td>\n",
       "    </tr>\n",
       "    <tr>\n",
       "      <th>2022-12-20</th>\n",
       "      <td>131.389999</td>\n",
       "      <td>133.250000</td>\n",
       "      <td>129.889999</td>\n",
       "      <td>132.300003</td>\n",
       "      <td>132.300003</td>\n",
       "      <td>77432800</td>\n",
       "    </tr>\n",
       "  </tbody>\n",
       "</table>\n",
       "<p>543 rows × 6 columns</p>\n",
       "</div>"
      ],
      "text/plain": [
       "                  Open        High         Low       Close   Adj Close  \\\n",
       "Date                                                                     \n",
       "2020-10-26  114.010002  116.550003  112.879997  115.050003  113.489471   \n",
       "2020-10-27  115.489998  117.279999  114.540001  116.599998  115.018463   \n",
       "2020-10-28  115.050003  115.430000  111.099998  111.199997  109.691704   \n",
       "2020-10-29  112.370003  116.930000  112.199997  115.320000  113.755829   \n",
       "2020-10-30  111.059998  111.989998  107.720001  108.860001  107.383446   \n",
       "...                ...         ...         ...         ...         ...   \n",
       "2022-12-14  145.350006  146.660004  141.160004  143.210007  143.210007   \n",
       "2022-12-15  141.110001  141.800003  136.029999  136.500000  136.500000   \n",
       "2022-12-16  136.690002  137.649994  133.729996  134.509995  134.509995   \n",
       "2022-12-19  135.110001  135.199997  131.320007  132.369995  132.369995   \n",
       "2022-12-20  131.389999  133.250000  129.889999  132.300003  132.300003   \n",
       "\n",
       "               Volume  \n",
       "Date                   \n",
       "2020-10-26  111850700  \n",
       "2020-10-27   92276800  \n",
       "2020-10-28  143937800  \n",
       "2020-10-29  146129200  \n",
       "2020-10-30  190272600  \n",
       "...               ...  \n",
       "2022-12-14   82291200  \n",
       "2022-12-15   98931900  \n",
       "2022-12-16  160156900  \n",
       "2022-12-19   79592600  \n",
       "2022-12-20   77432800  \n",
       "\n",
       "[543 rows x 6 columns]"
      ]
     },
     "execution_count": 4,
     "metadata": {},
     "output_type": "execute_result"
    }
   ],
   "source": [
    "pd.DataFrame(yf.download('AAPL', start=datetime(2020, 10, 27), end=datetime(2022, 12, 21)))"
   ]
  },
  {
   "cell_type": "code",
   "execution_count": 5,
   "id": "5ec650cc",
   "metadata": {},
   "outputs": [
    {
     "name": "stdout",
     "output_type": "stream",
     "text": [
      "[*********************100%***********************]  1 of 1 completed\n"
     ]
    },
    {
     "data": {
      "text/html": [
       "<div>\n",
       "<style scoped>\n",
       "    .dataframe tbody tr th:only-of-type {\n",
       "        vertical-align: middle;\n",
       "    }\n",
       "\n",
       "    .dataframe tbody tr th {\n",
       "        vertical-align: top;\n",
       "    }\n",
       "\n",
       "    .dataframe thead th {\n",
       "        text-align: right;\n",
       "    }\n",
       "</style>\n",
       "<table border=\"1\" class=\"dataframe\">\n",
       "  <thead>\n",
       "    <tr style=\"text-align: right;\">\n",
       "      <th></th>\n",
       "      <th>Adj Close</th>\n",
       "    </tr>\n",
       "    <tr>\n",
       "      <th>Date</th>\n",
       "      <th></th>\n",
       "    </tr>\n",
       "  </thead>\n",
       "  <tbody>\n",
       "    <tr>\n",
       "      <th>2020-10-26</th>\n",
       "      <td>113.489494</td>\n",
       "    </tr>\n",
       "    <tr>\n",
       "      <th>2020-10-27</th>\n",
       "      <td>115.018471</td>\n",
       "    </tr>\n",
       "    <tr>\n",
       "      <th>2020-10-28</th>\n",
       "      <td>109.691704</td>\n",
       "    </tr>\n",
       "    <tr>\n",
       "      <th>2020-10-29</th>\n",
       "      <td>113.755814</td>\n",
       "    </tr>\n",
       "    <tr>\n",
       "      <th>2020-10-30</th>\n",
       "      <td>107.383446</td>\n",
       "    </tr>\n",
       "    <tr>\n",
       "      <th>...</th>\n",
       "      <td>...</td>\n",
       "    </tr>\n",
       "    <tr>\n",
       "      <th>2022-12-14</th>\n",
       "      <td>143.210007</td>\n",
       "    </tr>\n",
       "    <tr>\n",
       "      <th>2022-12-15</th>\n",
       "      <td>136.500000</td>\n",
       "    </tr>\n",
       "    <tr>\n",
       "      <th>2022-12-16</th>\n",
       "      <td>134.509995</td>\n",
       "    </tr>\n",
       "    <tr>\n",
       "      <th>2022-12-19</th>\n",
       "      <td>132.369995</td>\n",
       "    </tr>\n",
       "    <tr>\n",
       "      <th>2022-12-20</th>\n",
       "      <td>132.300003</td>\n",
       "    </tr>\n",
       "  </tbody>\n",
       "</table>\n",
       "<p>543 rows × 1 columns</p>\n",
       "</div>"
      ],
      "text/plain": [
       "             Adj Close\n",
       "Date                  \n",
       "2020-10-26  113.489494\n",
       "2020-10-27  115.018471\n",
       "2020-10-28  109.691704\n",
       "2020-10-29  113.755814\n",
       "2020-10-30  107.383446\n",
       "...                ...\n",
       "2022-12-14  143.210007\n",
       "2022-12-15  136.500000\n",
       "2022-12-16  134.509995\n",
       "2022-12-19  132.369995\n",
       "2022-12-20  132.300003\n",
       "\n",
       "[543 rows x 1 columns]"
      ]
     },
     "execution_count": 5,
     "metadata": {},
     "output_type": "execute_result"
    }
   ],
   "source": [
    "pd.DataFrame(yf.download('AAPL', start=datetime(2020, 10, 27), end=datetime(2022, 12, 21)).iloc[:,4])"
   ]
  },
  {
   "cell_type": "code",
   "execution_count": 6,
   "id": "8a25c806",
   "metadata": {},
   "outputs": [
    {
     "data": {
      "text/html": [
       "<div>\n",
       "<style scoped>\n",
       "    .dataframe tbody tr th:only-of-type {\n",
       "        vertical-align: middle;\n",
       "    }\n",
       "\n",
       "    .dataframe tbody tr th {\n",
       "        vertical-align: top;\n",
       "    }\n",
       "\n",
       "    .dataframe thead th {\n",
       "        text-align: right;\n",
       "    }\n",
       "</style>\n",
       "<table border=\"1\" class=\"dataframe\">\n",
       "  <thead>\n",
       "    <tr style=\"text-align: right;\">\n",
       "      <th></th>\n",
       "      <th>DPZ</th>\n",
       "      <th>AAPL</th>\n",
       "      <th>GOOG</th>\n",
       "      <th>AMD</th>\n",
       "      <th>GME</th>\n",
       "      <th>SPY</th>\n",
       "      <th>NFLX</th>\n",
       "      <th>BA</th>\n",
       "      <th>WMT</th>\n",
       "      <th>TWTR</th>\n",
       "      <th>GS</th>\n",
       "      <th>XOM</th>\n",
       "      <th>NKE</th>\n",
       "      <th>Meta</th>\n",
       "      <th>BRK-B</th>\n",
       "      <th>MSFT</th>\n",
       "    </tr>\n",
       "  </thead>\n",
       "  <tbody>\n",
       "    <tr>\n",
       "      <th>DPZ</th>\n",
       "      <td>1.000000</td>\n",
       "      <td>0.399377</td>\n",
       "      <td>0.705723</td>\n",
       "      <td>0.735782</td>\n",
       "      <td>0.490441</td>\n",
       "      <td>0.633007</td>\n",
       "      <td>0.594187</td>\n",
       "      <td>0.506710</td>\n",
       "      <td>0.314298</td>\n",
       "      <td>0.307781</td>\n",
       "      <td>0.542802</td>\n",
       "      <td>-0.186792</td>\n",
       "      <td>0.813114</td>\n",
       "      <td>0.741145</td>\n",
       "      <td>0.271881</td>\n",
       "      <td>0.691112</td>\n",
       "    </tr>\n",
       "    <tr>\n",
       "      <th>AAPL</th>\n",
       "      <td>0.399377</td>\n",
       "      <td>1.000000</td>\n",
       "      <td>0.808678</td>\n",
       "      <td>0.718444</td>\n",
       "      <td>0.590873</td>\n",
       "      <td>0.889744</td>\n",
       "      <td>-0.186733</td>\n",
       "      <td>0.118775</td>\n",
       "      <td>0.567457</td>\n",
       "      <td>0.160639</td>\n",
       "      <td>0.776911</td>\n",
       "      <td>0.631192</td>\n",
       "      <td>0.484732</td>\n",
       "      <td>-0.005928</td>\n",
       "      <td>0.888738</td>\n",
       "      <td>0.874070</td>\n",
       "    </tr>\n",
       "    <tr>\n",
       "      <th>GOOG</th>\n",
       "      <td>0.705723</td>\n",
       "      <td>0.808678</td>\n",
       "      <td>1.000000</td>\n",
       "      <td>0.798888</td>\n",
       "      <td>0.807641</td>\n",
       "      <td>0.962061</td>\n",
       "      <td>0.173703</td>\n",
       "      <td>0.430989</td>\n",
       "      <td>0.469037</td>\n",
       "      <td>0.388846</td>\n",
       "      <td>0.878248</td>\n",
       "      <td>0.353158</td>\n",
       "      <td>0.746407</td>\n",
       "      <td>0.419834</td>\n",
       "      <td>0.795282</td>\n",
       "      <td>0.961447</td>\n",
       "    </tr>\n",
       "    <tr>\n",
       "      <th>AMD</th>\n",
       "      <td>0.735782</td>\n",
       "      <td>0.718444</td>\n",
       "      <td>0.798888</td>\n",
       "      <td>1.000000</td>\n",
       "      <td>0.476287</td>\n",
       "      <td>0.797927</td>\n",
       "      <td>0.365919</td>\n",
       "      <td>0.359122</td>\n",
       "      <td>0.459887</td>\n",
       "      <td>0.154497</td>\n",
       "      <td>0.595961</td>\n",
       "      <td>0.075015</td>\n",
       "      <td>0.804042</td>\n",
       "      <td>0.482025</td>\n",
       "      <td>0.549296</td>\n",
       "      <td>0.854712</td>\n",
       "    </tr>\n",
       "    <tr>\n",
       "      <th>GME</th>\n",
       "      <td>0.490441</td>\n",
       "      <td>0.590873</td>\n",
       "      <td>0.807641</td>\n",
       "      <td>0.476287</td>\n",
       "      <td>1.000000</td>\n",
       "      <td>0.796233</td>\n",
       "      <td>0.104839</td>\n",
       "      <td>0.472649</td>\n",
       "      <td>0.311418</td>\n",
       "      <td>0.551942</td>\n",
       "      <td>0.848271</td>\n",
       "      <td>0.376961</td>\n",
       "      <td>0.556258</td>\n",
       "      <td>0.328121</td>\n",
       "      <td>0.673996</td>\n",
       "      <td>0.729253</td>\n",
       "    </tr>\n",
       "    <tr>\n",
       "      <th>SPY</th>\n",
       "      <td>0.633007</td>\n",
       "      <td>0.889744</td>\n",
       "      <td>0.962061</td>\n",
       "      <td>0.797927</td>\n",
       "      <td>0.796233</td>\n",
       "      <td>1.000000</td>\n",
       "      <td>0.117161</td>\n",
       "      <td>0.446140</td>\n",
       "      <td>0.594157</td>\n",
       "      <td>0.412832</td>\n",
       "      <td>0.925310</td>\n",
       "      <td>0.453036</td>\n",
       "      <td>0.731768</td>\n",
       "      <td>0.327161</td>\n",
       "      <td>0.872688</td>\n",
       "      <td>0.955449</td>\n",
       "    </tr>\n",
       "    <tr>\n",
       "      <th>NFLX</th>\n",
       "      <td>0.594187</td>\n",
       "      <td>-0.186733</td>\n",
       "      <td>0.173703</td>\n",
       "      <td>0.365919</td>\n",
       "      <td>0.104839</td>\n",
       "      <td>0.117161</td>\n",
       "      <td>1.000000</td>\n",
       "      <td>0.694084</td>\n",
       "      <td>0.181083</td>\n",
       "      <td>0.457836</td>\n",
       "      <td>0.061051</td>\n",
       "      <td>-0.732618</td>\n",
       "      <td>0.652341</td>\n",
       "      <td>0.853666</td>\n",
       "      <td>-0.312488</td>\n",
       "      <td>0.117566</td>\n",
       "    </tr>\n",
       "    <tr>\n",
       "      <th>BA</th>\n",
       "      <td>0.506710</td>\n",
       "      <td>0.118775</td>\n",
       "      <td>0.430989</td>\n",
       "      <td>0.359122</td>\n",
       "      <td>0.472649</td>\n",
       "      <td>0.446140</td>\n",
       "      <td>0.694084</td>\n",
       "      <td>1.000000</td>\n",
       "      <td>0.336637</td>\n",
       "      <td>0.688375</td>\n",
       "      <td>0.441321</td>\n",
       "      <td>-0.337052</td>\n",
       "      <td>0.714682</td>\n",
       "      <td>0.730599</td>\n",
       "      <td>0.137355</td>\n",
       "      <td>0.302813</td>\n",
       "    </tr>\n",
       "    <tr>\n",
       "      <th>WMT</th>\n",
       "      <td>0.314298</td>\n",
       "      <td>0.567457</td>\n",
       "      <td>0.469037</td>\n",
       "      <td>0.459887</td>\n",
       "      <td>0.311418</td>\n",
       "      <td>0.594157</td>\n",
       "      <td>0.181083</td>\n",
       "      <td>0.336637</td>\n",
       "      <td>1.000000</td>\n",
       "      <td>0.416303</td>\n",
       "      <td>0.507469</td>\n",
       "      <td>0.185247</td>\n",
       "      <td>0.531373</td>\n",
       "      <td>0.207925</td>\n",
       "      <td>0.557067</td>\n",
       "      <td>0.485232</td>\n",
       "    </tr>\n",
       "    <tr>\n",
       "      <th>TWTR</th>\n",
       "      <td>0.307781</td>\n",
       "      <td>0.160639</td>\n",
       "      <td>0.388846</td>\n",
       "      <td>0.154497</td>\n",
       "      <td>0.551942</td>\n",
       "      <td>0.412832</td>\n",
       "      <td>0.457836</td>\n",
       "      <td>0.688375</td>\n",
       "      <td>0.416303</td>\n",
       "      <td>1.000000</td>\n",
       "      <td>0.517882</td>\n",
       "      <td>-0.119997</td>\n",
       "      <td>0.593496</td>\n",
       "      <td>0.594313</td>\n",
       "      <td>0.195683</td>\n",
       "      <td>0.255122</td>\n",
       "    </tr>\n",
       "    <tr>\n",
       "      <th>GS</th>\n",
       "      <td>0.542802</td>\n",
       "      <td>0.776911</td>\n",
       "      <td>0.878248</td>\n",
       "      <td>0.595961</td>\n",
       "      <td>0.848271</td>\n",
       "      <td>0.925310</td>\n",
       "      <td>0.061051</td>\n",
       "      <td>0.441321</td>\n",
       "      <td>0.507469</td>\n",
       "      <td>0.517882</td>\n",
       "      <td>1.000000</td>\n",
       "      <td>0.556730</td>\n",
       "      <td>0.610779</td>\n",
       "      <td>0.219548</td>\n",
       "      <td>0.824916</td>\n",
       "      <td>0.847262</td>\n",
       "    </tr>\n",
       "    <tr>\n",
       "      <th>XOM</th>\n",
       "      <td>-0.186792</td>\n",
       "      <td>0.631192</td>\n",
       "      <td>0.353158</td>\n",
       "      <td>0.075015</td>\n",
       "      <td>0.376961</td>\n",
       "      <td>0.453036</td>\n",
       "      <td>-0.732618</td>\n",
       "      <td>-0.337052</td>\n",
       "      <td>0.185247</td>\n",
       "      <td>-0.119997</td>\n",
       "      <td>0.556730</td>\n",
       "      <td>1.000000</td>\n",
       "      <td>-0.212695</td>\n",
       "      <td>-0.646351</td>\n",
       "      <td>0.749192</td>\n",
       "      <td>0.422513</td>\n",
       "    </tr>\n",
       "    <tr>\n",
       "      <th>NKE</th>\n",
       "      <td>0.813114</td>\n",
       "      <td>0.484732</td>\n",
       "      <td>0.746407</td>\n",
       "      <td>0.804042</td>\n",
       "      <td>0.556258</td>\n",
       "      <td>0.731768</td>\n",
       "      <td>0.652341</td>\n",
       "      <td>0.714682</td>\n",
       "      <td>0.531373</td>\n",
       "      <td>0.593496</td>\n",
       "      <td>0.610779</td>\n",
       "      <td>-0.212695</td>\n",
       "      <td>1.000000</td>\n",
       "      <td>0.788918</td>\n",
       "      <td>0.370726</td>\n",
       "      <td>0.696269</td>\n",
       "    </tr>\n",
       "    <tr>\n",
       "      <th>Meta</th>\n",
       "      <td>0.741145</td>\n",
       "      <td>-0.005928</td>\n",
       "      <td>0.419834</td>\n",
       "      <td>0.482025</td>\n",
       "      <td>0.328121</td>\n",
       "      <td>0.327161</td>\n",
       "      <td>0.853666</td>\n",
       "      <td>0.730599</td>\n",
       "      <td>0.207925</td>\n",
       "      <td>0.594313</td>\n",
       "      <td>0.219548</td>\n",
       "      <td>-0.646351</td>\n",
       "      <td>0.788918</td>\n",
       "      <td>1.000000</td>\n",
       "      <td>-0.092733</td>\n",
       "      <td>0.311800</td>\n",
       "    </tr>\n",
       "    <tr>\n",
       "      <th>BRK-B</th>\n",
       "      <td>0.271881</td>\n",
       "      <td>0.888738</td>\n",
       "      <td>0.795282</td>\n",
       "      <td>0.549296</td>\n",
       "      <td>0.673996</td>\n",
       "      <td>0.872688</td>\n",
       "      <td>-0.312488</td>\n",
       "      <td>0.137355</td>\n",
       "      <td>0.557067</td>\n",
       "      <td>0.195683</td>\n",
       "      <td>0.824916</td>\n",
       "      <td>0.749192</td>\n",
       "      <td>0.370726</td>\n",
       "      <td>-0.092733</td>\n",
       "      <td>1.000000</td>\n",
       "      <td>0.804446</td>\n",
       "    </tr>\n",
       "    <tr>\n",
       "      <th>MSFT</th>\n",
       "      <td>0.691112</td>\n",
       "      <td>0.874070</td>\n",
       "      <td>0.961447</td>\n",
       "      <td>0.854712</td>\n",
       "      <td>0.729253</td>\n",
       "      <td>0.955449</td>\n",
       "      <td>0.117566</td>\n",
       "      <td>0.302813</td>\n",
       "      <td>0.485232</td>\n",
       "      <td>0.255122</td>\n",
       "      <td>0.847262</td>\n",
       "      <td>0.422513</td>\n",
       "      <td>0.696269</td>\n",
       "      <td>0.311800</td>\n",
       "      <td>0.804446</td>\n",
       "      <td>1.000000</td>\n",
       "    </tr>\n",
       "  </tbody>\n",
       "</table>\n",
       "</div>"
      ],
      "text/plain": [
       "            DPZ      AAPL      GOOG       AMD       GME       SPY      NFLX  \\\n",
       "DPZ    1.000000  0.399377  0.705723  0.735782  0.490441  0.633007  0.594187   \n",
       "AAPL   0.399377  1.000000  0.808678  0.718444  0.590873  0.889744 -0.186733   \n",
       "GOOG   0.705723  0.808678  1.000000  0.798888  0.807641  0.962061  0.173703   \n",
       "AMD    0.735782  0.718444  0.798888  1.000000  0.476287  0.797927  0.365919   \n",
       "GME    0.490441  0.590873  0.807641  0.476287  1.000000  0.796233  0.104839   \n",
       "SPY    0.633007  0.889744  0.962061  0.797927  0.796233  1.000000  0.117161   \n",
       "NFLX   0.594187 -0.186733  0.173703  0.365919  0.104839  0.117161  1.000000   \n",
       "BA     0.506710  0.118775  0.430989  0.359122  0.472649  0.446140  0.694084   \n",
       "WMT    0.314298  0.567457  0.469037  0.459887  0.311418  0.594157  0.181083   \n",
       "TWTR   0.307781  0.160639  0.388846  0.154497  0.551942  0.412832  0.457836   \n",
       "GS     0.542802  0.776911  0.878248  0.595961  0.848271  0.925310  0.061051   \n",
       "XOM   -0.186792  0.631192  0.353158  0.075015  0.376961  0.453036 -0.732618   \n",
       "NKE    0.813114  0.484732  0.746407  0.804042  0.556258  0.731768  0.652341   \n",
       "Meta   0.741145 -0.005928  0.419834  0.482025  0.328121  0.327161  0.853666   \n",
       "BRK-B  0.271881  0.888738  0.795282  0.549296  0.673996  0.872688 -0.312488   \n",
       "MSFT   0.691112  0.874070  0.961447  0.854712  0.729253  0.955449  0.117566   \n",
       "\n",
       "             BA       WMT      TWTR        GS       XOM       NKE      Meta  \\\n",
       "DPZ    0.506710  0.314298  0.307781  0.542802 -0.186792  0.813114  0.741145   \n",
       "AAPL   0.118775  0.567457  0.160639  0.776911  0.631192  0.484732 -0.005928   \n",
       "GOOG   0.430989  0.469037  0.388846  0.878248  0.353158  0.746407  0.419834   \n",
       "AMD    0.359122  0.459887  0.154497  0.595961  0.075015  0.804042  0.482025   \n",
       "GME    0.472649  0.311418  0.551942  0.848271  0.376961  0.556258  0.328121   \n",
       "SPY    0.446140  0.594157  0.412832  0.925310  0.453036  0.731768  0.327161   \n",
       "NFLX   0.694084  0.181083  0.457836  0.061051 -0.732618  0.652341  0.853666   \n",
       "BA     1.000000  0.336637  0.688375  0.441321 -0.337052  0.714682  0.730599   \n",
       "WMT    0.336637  1.000000  0.416303  0.507469  0.185247  0.531373  0.207925   \n",
       "TWTR   0.688375  0.416303  1.000000  0.517882 -0.119997  0.593496  0.594313   \n",
       "GS     0.441321  0.507469  0.517882  1.000000  0.556730  0.610779  0.219548   \n",
       "XOM   -0.337052  0.185247 -0.119997  0.556730  1.000000 -0.212695 -0.646351   \n",
       "NKE    0.714682  0.531373  0.593496  0.610779 -0.212695  1.000000  0.788918   \n",
       "Meta   0.730599  0.207925  0.594313  0.219548 -0.646351  0.788918  1.000000   \n",
       "BRK-B  0.137355  0.557067  0.195683  0.824916  0.749192  0.370726 -0.092733   \n",
       "MSFT   0.302813  0.485232  0.255122  0.847262  0.422513  0.696269  0.311800   \n",
       "\n",
       "          BRK-B      MSFT  \n",
       "DPZ    0.271881  0.691112  \n",
       "AAPL   0.888738  0.874070  \n",
       "GOOG   0.795282  0.961447  \n",
       "AMD    0.549296  0.854712  \n",
       "GME    0.673996  0.729253  \n",
       "SPY    0.872688  0.955449  \n",
       "NFLX  -0.312488  0.117566  \n",
       "BA     0.137355  0.302813  \n",
       "WMT    0.557067  0.485232  \n",
       "TWTR   0.195683  0.255122  \n",
       "GS     0.824916  0.847262  \n",
       "XOM    0.749192  0.422513  \n",
       "NKE    0.370726  0.696269  \n",
       "Meta  -0.092733  0.311800  \n",
       "BRK-B  1.000000  0.804446  \n",
       "MSFT   0.804446  1.000000  "
      ]
     },
     "execution_count": 6,
     "metadata": {},
     "output_type": "execute_result"
    }
   ],
   "source": [
    "corr_matrix=d.corr()\n",
    "corr_matrix"
   ]
  },
  {
   "cell_type": "code",
   "execution_count": 7,
   "id": "e2decbd1",
   "metadata": {},
   "outputs": [
    {
     "data": {
      "text/plain": [
       "<matplotlib.axes._subplots.AxesSubplot at 0x1d962b010f0>"
      ]
     },
     "execution_count": 7,
     "metadata": {},
     "output_type": "execute_result"
    },
    {
     "data": {
